[2023-03-30 10:29:48.487] [info] Loaded model Rajagopal_2015 from file Rajagopal_2015.osim
[2023-03-30 10:33:45.035] [info] Loaded model Rajagopal_2015 from file Rajagopal_2015.osim
[2023-03-30 10:35:51.420] [info] Loaded model Rajagopal_2015 from file Rajagopal_2015.osim
[2023-03-30 10:35:51.441] [info] No heading correction is applied.
[2023-03-30 10:35:51.441] [info] Processing pelvis_imu
[2023-03-30 10:35:51.442] [info] Computed offset for pelvis_imu
[2023-03-30 10:35:51.444] [info] Offset is 
[0.680488,-0.651172,0.336023]
[0.572907,0.758705,0.310071]
[-0.456852,-0.0184899,0.88935]

[2023-03-30 10:35:51.444] [info] Creating offset frame for pelvis_imu
[2023-03-30 10:35:51.446] [info] Added offset frame for pelvis_imu.
[2023-03-30 10:35:51.448] [info] pelvis_imu offset computed from pelvis_imu data from file.
[2023-03-30 10:35:51.448] [info] Processing torso_imu
[2023-03-30 10:35:51.448] [info] Computed offset for torso_imu
[2023-03-30 10:35:51.451] [info] Offset is 
[0.874417,0.119645,0.470191]
[-0.200068,0.971804,0.124782]
[-0.442004,-0.203182,0.873699]

[2023-03-30 10:35:51.451] [info] Creating offset frame for torso_imu
[2023-03-30 10:35:51.453] [info] Added offset frame for torso_imu.
[2023-03-30 10:35:51.453] [info] torso_imu offset computed from torso_imu data from file.
[2023-03-30 10:35:51.454] [info] Processing humerus_l_imu
[2023-03-30 10:35:51.454] [info] Computed offset for humerus_l_imu
[2023-03-30 10:35:51.455] [info] Offset is 
[0.857009,-0.0142457,-0.515105]
[-0.100583,0.975765,-0.194332]
[0.50539,0.218355,0.834807]

[2023-03-30 10:35:51.456] [info] Creating offset frame for humerus_l_imu
[2023-03-30 10:35:51.457] [info] Added offset frame for humerus_l_imu.
[2023-03-30 10:35:51.457] [info] humerus_l_imu offset computed from humerus_l_imu data from file.
[2023-03-30 10:35:51.458] [info] Processing ulna_l_imu
[2023-03-30 10:35:51.458] [info] Computed offset for ulna_l_imu
[2023-03-30 10:35:51.459] [info] Offset is 
[0.365545,0.29596,-0.882488]
[0.106659,0.928538,0.355584]
[0.924663,-0.224107,0.307856]

[2023-03-30 10:35:51.459] [info] Creating offset frame for ulna_l_imu
[2023-03-30 10:35:51.461] [info] Added offset frame for ulna_l_imu.
[2023-03-30 10:35:51.461] [info] ulna_l_imu offset computed from ulna_l_imu data from file.
[2023-03-30 10:35:51.461] [info] Processing humerus_r_imu
[2023-03-30 10:35:51.462] [info] Computed offset for humerus_r_imu
[2023-03-30 10:35:51.464] [info] Offset is 
[0.815793,-0.445057,0.369331]
[0.306916,0.874413,0.375771]
[-0.490187,-0.193197,0.849936]

[2023-03-30 10:35:51.465] [info] Creating offset frame for humerus_r_imu
[2023-03-30 10:35:51.467] [info] Added offset frame for humerus_r_imu.
[2023-03-30 10:35:51.467] [info] humerus_r_imu offset computed from humerus_r_imu data from file.
[2023-03-30 10:35:51.468] [info] Processing ulna_r_imu
[2023-03-30 10:35:51.468] [info] Computed offset for ulna_r_imu
[2023-03-30 10:35:51.469] [info] Offset is 
[0.377626,-0.9128,-0.155545]
[0.727134,0.188321,0.66016]
[-0.573302,-0.362396,0.734843]

[2023-03-30 10:35:51.469] [info] Creating offset frame for ulna_r_imu
[2023-03-30 10:35:51.471] [info] Added offset frame for ulna_r_imu.
[2023-03-30 10:35:51.471] [info] ulna_r_imu offset computed from ulna_r_imu data from file.
[2023-03-30 10:35:51.522] [info] Loaded model Rajagopal_2015 from file internal_Rajagopal_2015.osim
[2023-03-30 10:35:51.538] [info] Loading orientations as quaternions from 'tiny_file.sto'...
[2023-03-30 10:35:51.998] [info] InverseKinematicsSolver found 6 model frames to track.
[2023-03-30 10:35:55.574] [info] Wrote IK with IMU tracking results to: 'ik_tiny_file.mot'.
[2023-03-30 10:39:37.547] [info] Loaded model Rajagopal_2015 from file Rajagopal_2015.osim
[2023-03-30 10:39:37.570] [info] No heading correction is applied.
[2023-03-30 10:39:37.571] [info] Processing pelvis_imu
[2023-03-30 10:39:37.571] [info] Computed offset for pelvis_imu
[2023-03-30 10:39:37.571] [info] Offset is 
[0.899965,-0.428853,-0.0784098]
[0.428853,0.838507,0.336142]
[-0.0784084,-0.336142,0.938542]

[2023-03-30 10:39:37.571] [info] Creating offset frame for pelvis_imu
[2023-03-30 10:39:37.573] [info] Added offset frame for pelvis_imu.
[2023-03-30 10:39:37.573] [info] pelvis_imu offset computed from pelvis_imu data from file.
[2023-03-30 10:39:37.573] [info] Processing torso_imu
[2023-03-30 10:39:37.574] [info] Computed offset for torso_imu
[2023-03-30 10:39:37.574] [info] Offset is 
[0.985458,0.169615,0.010182]
[-0.169509,0.977141,0.128306]
[0.0118133,-0.128166,0.991682]

[2023-03-30 10:39:37.576] [info] Creating offset frame for torso_imu
[2023-03-30 10:39:37.580] [info] Added offset frame for torso_imu.
[2023-03-30 10:39:37.580] [info] torso_imu offset computed from torso_imu data from file.
[2023-03-30 10:39:37.580] [info] Processing humerus_l_imu
[2023-03-30 10:39:37.581] [info] Computed offset for humerus_l_imu
[2023-03-30 10:39:37.582] [info] Offset is 
[0.998754,-0.0054075,0.0496139]
[0.0176566,0.968105,-0.249922]
[-0.04668,0.250486,0.966994]

[2023-03-30 10:39:37.582] [info] Creating offset frame for humerus_l_imu
[2023-03-30 10:39:37.584] [info] Added offset frame for humerus_l_imu.
[2023-03-30 10:39:37.584] [info] humerus_l_imu offset computed from humerus_l_imu data from file.
[2023-03-30 10:39:37.585] [info] Processing ulna_l_imu
[2023-03-30 10:39:37.585] [info] Computed offset for ulna_l_imu
[2023-03-30 10:39:37.586] [info] Offset is 
[0.626997,-0.512321,-0.586857]
[0.556751,-0.232223,0.79756]
[-0.544888,-0.826801,0.139632]

[2023-03-30 10:39:37.586] [info] Creating offset frame for ulna_l_imu
[2023-03-30 10:39:37.588] [info] Added offset frame for ulna_l_imu.
[2023-03-30 10:39:37.588] [info] ulna_l_imu offset computed from ulna_l_imu data from file.
[2023-03-30 10:39:37.588] [info] Processing humerus_r_imu
[2023-03-30 10:39:37.589] [info] Computed offset for humerus_r_imu
[2023-03-30 10:39:37.589] [info] Offset is 
[0.93981,-0.34104,-0.0211728]
[0.317821,0.849709,0.420695]
[-0.125483,-0.402103,0.906955]

[2023-03-30 10:39:37.592] [info] Creating offset frame for humerus_r_imu
[2023-03-30 10:39:37.594] [info] Added offset frame for humerus_r_imu.
[2023-03-30 10:39:37.594] [info] humerus_r_imu offset computed from humerus_r_imu data from file.
[2023-03-30 10:39:37.594] [info] Processing ulna_r_imu
[2023-03-30 10:39:37.595] [info] Computed offset for ulna_r_imu
[2023-03-30 10:39:37.595] [info] Offset is 
[0.381061,-0.852685,-0.35738]
[0.832458,0.148258,0.533885]
[-0.402251,-0.500946,0.76632]

[2023-03-30 10:39:37.596] [info] Creating offset frame for ulna_r_imu
[2023-03-30 10:39:37.597] [info] Added offset frame for ulna_r_imu.
[2023-03-30 10:39:37.598] [info] ulna_r_imu offset computed from ulna_r_imu data from file.
[2023-03-30 10:39:37.642] [info] Loaded model Rajagopal_2015 from file internal_Rajagopal_2015.osim
[2023-03-30 10:39:37.659] [info] Loading orientations as quaternions from 'tiny_file.sto'...
[2023-03-30 10:39:38.086] [info] InverseKinematicsSolver found 6 model frames to track.
[2023-03-30 10:39:42.782] [info] Wrote IK with IMU tracking results to: 'ik_tiny_file.mot'.
[2023-03-30 10:44:12.065] [info] Loaded model Rajagopal_2015 from file Rajagopal_2015.osim
[2023-03-30 10:44:12.094] [info] No heading correction is applied.
[2023-03-30 10:44:12.095] [info] Processing pelvis_imu
[2023-03-30 10:44:12.095] [info] Computed offset for pelvis_imu
[2023-03-30 10:44:12.095] [info] Offset is 
[0.93588,-0.32393,-0.138554]
[0.350815,0.893082,0.281661]
[0.0325018,-0.312208,0.949457]

[2023-03-30 10:44:12.096] [info] Creating offset frame for pelvis_imu
[2023-03-30 10:44:12.098] [info] Added offset frame for pelvis_imu.
[2023-03-30 10:44:12.098] [info] pelvis_imu offset computed from pelvis_imu data from file.
[2023-03-30 10:44:12.099] [info] Processing torso_imu
[2023-03-30 10:44:12.099] [info] Computed offset for torso_imu
[2023-03-30 10:44:12.100] [info] Offset is 
[0.962761,0.244047,-0.11633]
[-0.235235,0.968261,0.0844687]
[0.133252,-0.0539582,0.989612]

[2023-03-30 10:44:12.100] [info] Creating offset frame for torso_imu
[2023-03-30 10:44:12.102] [info] Added offset frame for torso_imu.
[2023-03-30 10:44:12.102] [info] torso_imu offset computed from torso_imu data from file.
[2023-03-30 10:44:12.104] [info] Processing humerus_l_imu
[2023-03-30 10:44:12.104] [info] Computed offset for humerus_l_imu
[2023-03-30 10:44:12.106] [info] Offset is 
[0.999088,-0.0404473,-0.0137063]
[0.0358995,0.969249,-0.243449]
[0.0231317,0.242735,0.969817]

[2023-03-30 10:44:12.106] [info] Creating offset frame for humerus_l_imu
[2023-03-30 10:44:12.108] [info] Added offset frame for humerus_l_imu.
[2023-03-30 10:44:12.108] [info] humerus_l_imu offset computed from humerus_l_imu data from file.
[2023-03-30 10:44:12.109] [info] Processing ulna_l_imu
[2023-03-30 10:44:12.109] [info] Computed offset for ulna_l_imu
[2023-03-30 10:44:12.110] [info] Offset is 
[0.614739,-0.503794,-0.606867]
[0.58974,-0.217324,0.777802]
[-0.523739,-0.836039,0.16351]

[2023-03-30 10:44:12.110] [info] Creating offset frame for ulna_l_imu
[2023-03-30 10:44:12.112] [info] Added offset frame for ulna_l_imu.
[2023-03-30 10:44:12.112] [info] ulna_l_imu offset computed from ulna_l_imu data from file.
[2023-03-30 10:44:12.112] [info] Processing humerus_r_imu
[2023-03-30 10:44:12.113] [info] Computed offset for humerus_r_imu
[2023-03-30 10:44:12.113] [info] Offset is 
[0.953121,-0.297807,-0.0535804]
[0.278001,0.791918,0.543674]
[-0.119478,-0.533082,0.837585]

[2023-03-30 10:44:12.114] [info] Creating offset frame for humerus_r_imu
[2023-03-30 10:44:12.115] [info] Added offset frame for humerus_r_imu.
[2023-03-30 10:44:12.115] [info] humerus_r_imu offset computed from humerus_r_imu data from file.
[2023-03-30 10:44:12.116] [info] Processing ulna_r_imu
[2023-03-30 10:44:12.116] [info] Computed offset for ulna_r_imu
[2023-03-30 10:44:12.117] [info] Offset is 
[0.489528,-0.849195,-0.198066]
[0.701646,0.248738,0.667699]
[-0.51774,-0.46583,0.717599]

[2023-03-30 10:44:12.117] [info] Creating offset frame for ulna_r_imu
[2023-03-30 10:44:12.119] [info] Added offset frame for ulna_r_imu.
[2023-03-30 10:44:12.120] [info] ulna_r_imu offset computed from ulna_r_imu data from file.
[2023-03-30 10:44:12.166] [info] Loaded model Rajagopal_2015 from file internal_Rajagopal_2015.osim
[2023-03-30 10:44:12.185] [info] Loading orientations as quaternions from 'tiny_file.sto'...
[2023-03-30 10:44:12.614] [info] InverseKinematicsSolver found 6 model frames to track.
[2023-03-30 10:44:20.266] [info] Wrote IK with IMU tracking results to: 'ik_tiny_file.mot'.
[2023-03-30 10:45:02.333] [info] Loaded model Rajagopal_2015 from file Rajagopal_2015.osim
[2023-03-30 10:45:02.360] [info] No heading correction is applied.
[2023-03-30 10:45:02.361] [info] Processing pelvis_imu
[2023-03-30 10:45:02.361] [info] Computed offset for pelvis_imu
[2023-03-30 10:45:02.362] [info] Offset is 
[0.538533,-0.835612,-0.108327]
[0.8196,0.489647,0.297494]
[-0.195548,-0.248995,0.948558]

[2023-03-30 10:45:02.363] [info] Creating offset frame for pelvis_imu
[2023-03-30 10:45:02.364] [info] Added offset frame for pelvis_imu.
[2023-03-30 10:45:02.364] [info] pelvis_imu offset computed from pelvis_imu data from file.
[2023-03-30 10:45:02.365] [info] Processing torso_imu
[2023-03-30 10:45:02.366] [info] Computed offset for torso_imu
[2023-03-30 10:45:02.366] [info] Offset is 
[0.995222,-0.0976072,-0.00236404]
[0.0970293,0.986055,0.135203]
[-0.0108657,-0.134787,0.990815]

[2023-03-30 10:45:02.367] [info] Creating offset frame for torso_imu
[2023-03-30 10:45:02.368] [info] Added offset frame for torso_imu.
[2023-03-30 10:45:02.368] [info] torso_imu offset computed from torso_imu data from file.
[2023-03-30 10:45:02.369] [info] Processing humerus_l_imu
[2023-03-30 10:45:02.369] [info] Computed offset for humerus_l_imu
[2023-03-30 10:45:02.370] [info] Offset is 
[0.970186,-0.00653475,-0.242275]
[-0.00813711,0.998195,-0.0595086]
[0.242227,0.0597058,0.968381]

[2023-03-30 10:45:02.371] [info] Creating offset frame for humerus_l_imu
[2023-03-30 10:45:02.374] [info] Added offset frame for humerus_l_imu.
[2023-03-30 10:45:02.374] [info] humerus_l_imu offset computed from humerus_l_imu data from file.
[2023-03-30 10:45:02.374] [info] Processing ulna_l_imu
[2023-03-30 10:45:02.375] [info] Computed offset for ulna_l_imu
[2023-03-30 10:45:02.375] [info] Offset is 
[0.779052,-0.0235863,-0.626515]
[0.00672343,0.999549,-0.0292695]
[0.626923,0.0185901,0.778859]

[2023-03-30 10:45:02.376] [info] Creating offset frame for ulna_l_imu
[2023-03-30 10:45:02.378] [info] Added offset frame for ulna_l_imu.
[2023-03-30 10:45:02.378] [info] ulna_l_imu offset computed from ulna_l_imu data from file.
[2023-03-30 10:45:02.378] [info] Processing humerus_r_imu
[2023-03-30 10:45:02.379] [info] Computed offset for humerus_r_imu
[2023-03-30 10:45:02.379] [info] Offset is 
[0.923907,-0.0956304,0.370473]
[0.0623432,0.992948,0.100835]
[-0.377503,-0.0700657,0.923354]

[2023-03-30 10:45:02.380] [info] Creating offset frame for humerus_r_imu
[2023-03-30 10:45:02.381] [info] Added offset frame for humerus_r_imu.
[2023-03-30 10:45:02.382] [info] humerus_r_imu offset computed from humerus_r_imu data from file.
[2023-03-30 10:45:02.382] [info] Processing ulna_r_imu
[2023-03-30 10:45:02.383] [info] Computed offset for ulna_r_imu
[2023-03-30 10:45:02.383] [info] Offset is 
[0.922412,-0.0839496,0.376972]
[0.00766518,0.979877,0.199457]
[-0.38613,-0.181092,0.904494]

[2023-03-30 10:45:02.384] [info] Creating offset frame for ulna_r_imu
[2023-03-30 10:45:02.385] [info] Added offset frame for ulna_r_imu.
[2023-03-30 10:45:02.385] [info] ulna_r_imu offset computed from ulna_r_imu data from file.
[2023-03-30 10:45:02.430] [info] Loaded model Rajagopal_2015 from file internal_Rajagopal_2015.osim
[2023-03-30 10:45:02.452] [info] Loading orientations as quaternions from 'tiny_file.sto'...
[2023-03-30 10:45:02.864] [info] InverseKinematicsSolver found 6 model frames to track.
[2023-03-30 10:45:15.650] [info] Wrote IK with IMU tracking results to: 'ik_tiny_file.mot'.
[2023-03-30 10:52:17.301] [info] Loaded model Rajagopal_2015 from file Rajagopal_2015.osim
[2023-03-30 10:52:17.330] [info] No heading correction is applied.
[2023-03-30 10:52:17.331] [info] Processing pelvis_imu
[2023-03-30 10:52:17.332] [info] Computed offset for pelvis_imu
[2023-03-30 10:52:17.332] [info] Offset is 
[0.546953,-0.828849,-0.117693]
[0.805775,0.483083,0.342575]
[-0.227088,-0.282207,0.932089]

[2023-03-30 10:52:17.335] [info] Creating offset frame for pelvis_imu
[2023-03-30 10:52:17.336] [info] Added offset frame for pelvis_imu.
[2023-03-30 10:52:17.336] [info] pelvis_imu offset computed from pelvis_imu data from file.
[2023-03-30 10:52:17.336] [info] Processing torso_imu
[2023-03-30 10:52:17.337] [info] Computed offset for torso_imu
[2023-03-30 10:52:17.338] [info] Offset is 
[0.969576,-0.234829,0.0691234]
[0.221221,0.961456,0.163288]
[-0.104804,-0.143029,0.984154]

[2023-03-30 10:52:17.339] [info] Creating offset frame for torso_imu
[2023-03-30 10:52:17.340] [info] Added offset frame for torso_imu.
[2023-03-30 10:52:17.340] [info] torso_imu offset computed from torso_imu data from file.
[2023-03-30 10:52:17.341] [info] Processing humerus_l_imu
[2023-03-30 10:52:17.342] [info] Computed offset for humerus_l_imu
[2023-03-30 10:52:17.342] [info] Offset is 
[0.998249,0.0212641,0.0552024]
[-0.0175984,0.99766,-0.0660629]
[-0.056478,0.0649757,0.996287]

[2023-03-30 10:52:17.343] [info] Creating offset frame for humerus_l_imu
[2023-03-30 10:52:17.344] [info] Added offset frame for humerus_l_imu.
[2023-03-30 10:52:17.345] [info] humerus_l_imu offset computed from humerus_l_imu data from file.
[2023-03-30 10:52:17.345] [info] Processing ulna_l_imu
[2023-03-30 10:52:17.346] [info] Computed offset for ulna_l_imu
[2023-03-30 10:52:17.346] [info] Offset is 
[0.999215,-0.0131333,0.0373761]
[0.0111753,0.998578,0.0521231]
[-0.0380075,-0.0516645,0.997941]

[2023-03-30 10:52:17.349] [info] Creating offset frame for ulna_l_imu
[2023-03-30 10:52:17.351] [info] Added offset frame for ulna_l_imu.
[2023-03-30 10:52:17.351] [info] ulna_l_imu offset computed from ulna_l_imu data from file.
[2023-03-30 10:52:17.351] [info] Processing humerus_r_imu
[2023-03-30 10:52:17.352] [info] Computed offset for humerus_r_imu
[2023-03-30 10:52:17.352] [info] Offset is 
[0.994455,-0.0938024,0.0475493]
[0.0881479,0.990061,0.109591]
[-0.0573566,-0.104792,0.992839]

[2023-03-30 10:52:17.353] [info] Creating offset frame for humerus_r_imu
[2023-03-30 10:52:17.354] [info] Added offset frame for humerus_r_imu.
[2023-03-30 10:52:17.354] [info] humerus_r_imu offset computed from humerus_r_imu data from file.
[2023-03-30 10:52:17.354] [info] Processing ulna_r_imu
[2023-03-30 10:52:17.355] [info] Computed offset for ulna_r_imu
[2023-03-30 10:52:17.356] [info] Offset is 
[0.966311,0.0730347,-0.246798]
[-0.0281078,0.983104,0.180876]
[0.255838,-0.167845,0.952037]

[2023-03-30 10:52:17.357] [info] Creating offset frame for ulna_r_imu
[2023-03-30 10:52:17.358] [info] Added offset frame for ulna_r_imu.
[2023-03-30 10:52:17.358] [info] ulna_r_imu offset computed from ulna_r_imu data from file.
[2023-03-30 10:52:17.416] [info] Loaded model Rajagopal_2015 from file internal_Rajagopal_2015.osim
[2023-03-30 10:52:17.439] [info] Loading orientations as quaternions from 'tiny_file.sto'...
[2023-03-30 10:52:17.874] [info] InverseKinematicsSolver found 6 model frames to track.
[2023-03-30 10:52:31.152] [info] Wrote IK with IMU tracking results to: 'ik_tiny_file.mot'.
[2023-03-30 10:54:41.004] [info] Loaded model Rajagopal_2015 from file Rajagopal_2015.osim
[2023-03-30 10:54:41.032] [info] No heading correction is applied.
[2023-03-30 10:54:41.033] [info] Processing pelvis_imu
[2023-03-30 10:54:41.034] [info] Computed offset for pelvis_imu
[2023-03-30 10:54:41.036] [info] Offset is 
[0.499815,-0.84818,-0.175432]
[0.838191,0.422635,0.344696]
[-0.218221,-0.31933,0.922176]

[2023-03-30 10:54:41.036] [info] Creating offset frame for pelvis_imu
[2023-03-30 10:54:41.038] [info] Added offset frame for pelvis_imu.
[2023-03-30 10:54:41.038] [info] pelvis_imu offset computed from pelvis_imu data from file.
[2023-03-30 10:54:41.039] [info] Processing torso_imu
[2023-03-30 10:54:41.040] [info] Computed offset for torso_imu
[2023-03-30 10:54:41.040] [info] Offset is 
[0.980218,-0.19449,0.0367011]
[0.185699,0.967886,0.169449]
[-0.0684787,-0.159281,0.984855]

[2023-03-30 10:54:41.041] [info] Creating offset frame for torso_imu
[2023-03-30 10:54:41.042] [info] Added offset frame for torso_imu.
[2023-03-30 10:54:41.042] [info] torso_imu offset computed from torso_imu data from file.
[2023-03-30 10:54:41.043] [info] Processing humerus_l_imu
[2023-03-30 10:54:41.043] [info] Computed offset for humerus_l_imu
[2023-03-30 10:54:41.044] [info] Offset is 
[0.996825,0.00394067,-0.0795293]
[-0.00796442,0.9987,-0.050341]
[0.0792275,0.0508145,0.995561]

[2023-03-30 10:54:41.044] [info] Creating offset frame for humerus_l_imu
[2023-03-30 10:54:41.046] [info] Added offset frame for humerus_l_imu.
[2023-03-30 10:54:41.046] [info] humerus_l_imu offset computed from humerus_l_imu data from file.
[2023-03-30 10:54:41.046] [info] Processing ulna_l_imu
[2023-03-30 10:54:41.047] [info] Computed offset for ulna_l_imu
[2023-03-30 10:54:41.047] [info] Offset is 
[0.997015,0.0259605,0.0727106]
[-0.0294909,0.998416,0.047909]
[-0.0713517,-0.0499104,0.996202]

[2023-03-30 10:54:41.048] [info] Creating offset frame for ulna_l_imu
[2023-03-30 10:54:41.052] [info] Added offset frame for ulna_l_imu.
[2023-03-30 10:54:41.052] [info] ulna_l_imu offset computed from ulna_l_imu data from file.
[2023-03-30 10:54:41.052] [info] Processing humerus_r_imu
[2023-03-30 10:54:41.053] [info] Computed offset for humerus_r_imu
[2023-03-30 10:54:41.053] [info] Offset is 
[0.995222,-0.0578034,-0.0786833]
[0.0652421,0.993288,0.0955096]
[0.0726344,-0.100187,0.992314]

[2023-03-30 10:54:41.054] [info] Creating offset frame for humerus_r_imu
[2023-03-30 10:54:41.055] [info] Added offset frame for humerus_r_imu.
[2023-03-30 10:54:41.056] [info] humerus_r_imu offset computed from humerus_r_imu data from file.
[2023-03-30 10:54:41.056] [info] Processing ulna_r_imu
[2023-03-30 10:54:41.057] [info] Computed offset for ulna_r_imu
[2023-03-30 10:54:41.057] [info] Offset is 
[0.999587,-0.0112881,-0.0264173]
[0.013976,0.994491,0.103884]
[0.0250992,-0.10421,0.994239]

[2023-03-30 10:54:41.058] [info] Creating offset frame for ulna_r_imu
[2023-03-30 10:54:41.059] [info] Added offset frame for ulna_r_imu.
[2023-03-30 10:54:41.059] [info] ulna_r_imu offset computed from ulna_r_imu data from file.
[2023-03-30 10:54:41.115] [info] Loaded model Rajagopal_2015 from file internal_Rajagopal_2015.osim
[2023-03-30 10:54:41.138] [info] Loading orientations as quaternions from 'tiny_file.sto'...
[2023-03-30 10:54:41.602] [info] InverseKinematicsSolver found 6 model frames to track.
[2023-03-30 10:54:55.750] [info] Wrote IK with IMU tracking results to: 'ik_tiny_file.mot'.
[2023-03-30 11:37:11.788] [info] Loaded model Rajagopal_2015 from file Rajagopal_2015.osim
[2023-03-30 11:37:11.819] [info] No heading correction is applied.
[2023-03-30 11:37:11.820] [info] Processing pelvis_imu
[2023-03-30 11:37:11.820] [info] Computed offset for pelvis_imu
[2023-03-30 11:37:11.822] [info] Offset is 
[0.344159,-0.925772,-0.156529]
[0.923356,0.3035,0.235165]
[-0.170202,-0.225466,0.959269]

[2023-03-30 11:37:11.823] [info] Creating offset frame for pelvis_imu
[2023-03-30 11:37:11.825] [info] Added offset frame for pelvis_imu.
[2023-03-30 11:37:11.825] [info] pelvis_imu offset computed from pelvis_imu data from file.
[2023-03-30 11:37:11.825] [info] Processing torso_imu
[2023-03-30 11:37:11.826] [info] Computed offset for torso_imu
[2023-03-30 11:37:11.826] [info] Offset is 
[0.950532,-0.298887,0.0845896]
[0.284509,0.947007,0.149107]
[-0.124673,-0.117665,0.985196]

[2023-03-30 11:37:11.828] [info] Creating offset frame for torso_imu
[2023-03-30 11:37:11.829] [info] Added offset frame for torso_imu.
[2023-03-30 11:37:11.829] [info] torso_imu offset computed from torso_imu data from file.
[2023-03-30 11:37:11.829] [info] Processing humerus_l_imu
[2023-03-30 11:37:11.830] [info] Computed offset for humerus_l_imu
[2023-03-30 11:37:11.831] [info] Offset is 
[0.996549,0.0207927,-0.0803639]
[-0.0264246,0.99722,-0.0696636]
[0.078692,0.0715468,0.994328]

[2023-03-30 11:37:11.833] [info] Creating offset frame for humerus_l_imu
[2023-03-30 11:37:11.835] [info] Added offset frame for humerus_l_imu.
[2023-03-30 11:37:11.835] [info] humerus_l_imu offset computed from humerus_l_imu data from file.
[2023-03-30 11:37:11.835] [info] Processing ulna_l_imu
[2023-03-30 11:37:11.836] [info] Computed offset for ulna_l_imu
[2023-03-30 11:37:11.836] [info] Offset is 
[0.97352,-0.187915,-0.130182]
[0.202108,0.973609,0.106005]
[0.106826,-0.129509,0.985807]

[2023-03-30 11:37:11.837] [info] Creating offset frame for ulna_l_imu
[2023-03-30 11:37:11.838] [info] Added offset frame for ulna_l_imu.
[2023-03-30 11:37:11.839] [info] ulna_l_imu offset computed from ulna_l_imu data from file.
[2023-03-30 11:37:11.839] [info] Processing humerus_r_imu
[2023-03-30 11:37:11.840] [info] Computed offset for humerus_r_imu
[2023-03-30 11:37:11.840] [info] Offset is 
[0.892454,0.00260344,-0.451132]
[0.0324595,0.997021,0.0699669]
[0.44997,-0.0770857,0.88971]

[2023-03-30 11:37:11.841] [info] Creating offset frame for humerus_r_imu
[2023-03-30 11:37:11.842] [info] Added offset frame for humerus_r_imu.
[2023-03-30 11:37:11.842] [info] humerus_r_imu offset computed from humerus_r_imu data from file.
[2023-03-30 11:37:11.842] [info] Processing ulna_r_imu
[2023-03-30 11:37:11.843] [info] Computed offset for ulna_r_imu
[2023-03-30 11:37:11.843] [info] Offset is 
[0.816433,-0.0564759,0.574672]
[0.0109787,0.996544,0.0823381]
[-0.577336,-0.0609144,0.814231]

[2023-03-30 11:37:11.844] [info] Creating offset frame for ulna_r_imu
[2023-03-30 11:37:11.845] [info] Added offset frame for ulna_r_imu.
[2023-03-30 11:37:11.845] [info] ulna_r_imu offset computed from ulna_r_imu data from file.
[2023-03-30 11:37:11.899] [info] Loaded model Rajagopal_2015 from file internal_Rajagopal_2015.osim
[2023-03-30 11:37:11.924] [info] Loading orientations as quaternions from 'tiny_file.sto'...
[2023-03-30 11:37:12.371] [info] InverseKinematicsSolver found 6 model frames to track.
[2023-03-30 11:37:30.154] [info] Wrote IK with IMU tracking results to: 'ik_tiny_file.mot'.
[2023-03-30 11:38:09.725] [info] Loaded model Rajagopal_2015 from file Rajagopal_2015.osim
[2023-03-30 11:38:09.749] [info] No heading correction is applied.
[2023-03-30 11:38:09.750] [info] Processing pelvis_imu
[2023-03-30 11:38:09.750] [info] Computed offset for pelvis_imu
[2023-03-30 11:38:09.750] [info] Offset is 
[0.320565,-0.947188,0.00853806]
[0.924669,0.314874,0.214108]
[-0.205489,-0.0607408,0.976773]

[2023-03-30 11:38:09.751] [info] Creating offset frame for pelvis_imu
[2023-03-30 11:38:09.753] [info] Added offset frame for pelvis_imu.
[2023-03-30 11:38:09.753] [info] pelvis_imu offset computed from pelvis_imu data from file.
[2023-03-30 11:38:09.753] [info] Processing torso_imu
[2023-03-30 11:38:09.754] [info] Computed offset for torso_imu
[2023-03-30 11:38:09.754] [info] Offset is 
[0.93578,-0.313517,-0.161315]
[0.338591,0.926685,0.163128]
[0.0983451,-0.207271,0.973328]

[2023-03-30 11:38:09.755] [info] Creating offset frame for torso_imu
[2023-03-30 11:38:09.758] [info] Added offset frame for torso_imu.
[2023-03-30 11:38:09.759] [info] torso_imu offset computed from torso_imu data from file.
[2023-03-30 11:38:09.759] [info] Processing humerus_l_imu
[2023-03-30 11:38:09.760] [info] Computed offset for humerus_l_imu
[2023-03-30 11:38:09.760] [info] Offset is 
[0.978307,-0.039864,-0.203288]
[0.0247782,0.996783,-0.0762222]
[0.205673,0.0695316,0.976148]

[2023-03-30 11:38:09.761] [info] Creating offset frame for humerus_l_imu
[2023-03-30 11:38:09.762] [info] Added offset frame for humerus_l_imu.
[2023-03-30 11:38:09.762] [info] humerus_l_imu offset computed from humerus_l_imu data from file.
[2023-03-30 11:38:09.763] [info] Processing ulna_l_imu
[2023-03-30 11:38:09.764] [info] Computed offset for ulna_l_imu
[2023-03-30 11:38:09.764] [info] Offset is 
[0.984828,-0.106654,-0.136893]
[0.121022,0.987467,0.101308]
[0.124372,-0.116338,0.985392]

[2023-03-30 11:38:09.765] [info] Creating offset frame for ulna_l_imu
[2023-03-30 11:38:09.766] [info] Added offset frame for ulna_l_imu.
[2023-03-30 11:38:09.766] [info] ulna_l_imu offset computed from ulna_l_imu data from file.
[2023-03-30 11:38:09.767] [info] Processing humerus_r_imu
[2023-03-30 11:38:09.767] [info] Computed offset for humerus_r_imu
[2023-03-30 11:38:09.768] [info] Offset is 
[0.999248,-0.0362048,0.0138711]
[0.03417,0.991422,0.126155]
[-0.0183195,-0.125586,0.991914]

[2023-03-30 11:38:09.769] [info] Creating offset frame for humerus_r_imu
[2023-03-30 11:38:09.770] [info] Added offset frame for humerus_r_imu.
[2023-03-30 11:38:09.770] [info] humerus_r_imu offset computed from humerus_r_imu data from file.
[2023-03-30 11:38:09.770] [info] Processing ulna_r_imu
[2023-03-30 11:38:09.773] [info] Computed offset for ulna_r_imu
[2023-03-30 11:38:09.773] [info] Offset is 
[0.966035,-0.0772335,0.246601]
[0.0562352,0.994253,0.0910965]
[-0.252219,-0.0741347,0.964826]

[2023-03-30 11:38:09.774] [info] Creating offset frame for ulna_r_imu
[2023-03-30 11:38:09.776] [info] Added offset frame for ulna_r_imu.
[2023-03-30 11:38:09.776] [info] ulna_r_imu offset computed from ulna_r_imu data from file.
[2023-03-30 11:38:09.824] [info] Loaded model Rajagopal_2015 from file internal_Rajagopal_2015.osim
[2023-03-30 11:38:09.844] [info] Loading orientations as quaternions from 'tiny_file.sto'...
[2023-03-30 11:38:10.255] [info] InverseKinematicsSolver found 6 model frames to track.
[2023-03-30 11:38:54.718] [info] Loaded model Rajagopal_2015 from file Rajagopal_2015.osim
[2023-03-30 11:38:54.748] [info] No heading correction is applied.
[2023-03-30 11:38:54.750] [info] Processing pelvis_imu
[2023-03-30 11:38:54.750] [info] Computed offset for pelvis_imu
[2023-03-30 11:38:54.752] [info] Offset is 
[0.246409,-0.933133,-0.261814]
[0.957052,0.191703,0.21749]
[-0.152756,-0.304161,0.940293]

[2023-03-30 11:38:54.753] [info] Creating offset frame for pelvis_imu
[2023-03-30 11:38:54.755] [info] Added offset frame for pelvis_imu.
[2023-03-30 11:38:54.755] [info] pelvis_imu offset computed from pelvis_imu data from file.
[2023-03-30 11:38:54.755] [info] Processing torso_imu
[2023-03-30 11:38:54.756] [info] Computed offset for torso_imu
[2023-03-30 11:38:54.756] [info] Offset is 
[0.950826,-0.300188,-0.0762686]
[0.309522,0.929867,0.198857]
[0.0112249,-0.212686,0.977056]

[2023-03-30 11:38:54.757] [info] Creating offset frame for torso_imu
[2023-03-30 11:38:54.758] [info] Added offset frame for torso_imu.
[2023-03-30 11:38:54.758] [info] torso_imu offset computed from torso_imu data from file.
[2023-03-30 11:38:54.759] [info] Processing humerus_l_imu
[2023-03-30 11:38:54.759] [info] Computed offset for humerus_l_imu
[2023-03-30 11:38:54.760] [info] Offset is 
[0.9406,-0.0509198,0.335677]
[0.0879736,0.991475,-0.096111]
[-0.327921,0.119933,0.937061]

[2023-03-30 11:38:54.760] [info] Creating offset frame for humerus_l_imu
[2023-03-30 11:38:54.761] [info] Added offset frame for humerus_l_imu.
[2023-03-30 11:38:54.761] [info] humerus_l_imu offset computed from humerus_l_imu data from file.
[2023-03-30 11:38:54.762] [info] Processing ulna_l_imu
[2023-03-30 11:38:54.762] [info] Computed offset for ulna_l_imu
[2023-03-30 11:38:54.763] [info] Offset is 
[0.987495,-0.0915654,0.12833]
[0.0749964,0.988872,0.12848]
[-0.138666,-0.117249,0.983374]

[2023-03-30 11:38:54.763] [info] Creating offset frame for ulna_l_imu
[2023-03-30 11:38:54.764] [info] Added offset frame for ulna_l_imu.
[2023-03-30 11:38:54.765] [info] ulna_l_imu offset computed from ulna_l_imu data from file.
[2023-03-30 11:38:54.765] [info] Processing humerus_r_imu
[2023-03-30 11:38:54.766] [info] Computed offset for humerus_r_imu
[2023-03-30 11:38:54.766] [info] Offset is 
[0.930796,0.0132238,-0.365299]
[0.0205324,0.995876,0.0883681]
[0.364961,-0.0897532,0.926686]

[2023-03-30 11:38:54.767] [info] Creating offset frame for humerus_r_imu
[2023-03-30 11:38:54.768] [info] Added offset frame for humerus_r_imu.
[2023-03-30 11:38:54.768] [info] humerus_r_imu offset computed from humerus_r_imu data from file.
[2023-03-30 11:38:54.768] [info] Processing ulna_r_imu
[2023-03-30 11:38:54.769] [info] Computed offset for ulna_r_imu
[2023-03-30 11:38:54.769] [info] Offset is 
[0.998386,-0.0512477,0.0244716]
[0.0489052,0.994896,0.0882602]
[-0.0288698,-0.086921,0.995797]

[2023-03-30 11:38:54.770] [info] Creating offset frame for ulna_r_imu
[2023-03-30 11:38:54.774] [info] Added offset frame for ulna_r_imu.
[2023-03-30 11:38:54.774] [info] ulna_r_imu offset computed from ulna_r_imu data from file.
[2023-03-30 11:38:54.820] [info] Loaded model Rajagopal_2015 from file internal_Rajagopal_2015.osim
[2023-03-30 11:38:54.843] [info] Loading orientations as quaternions from 'tiny_file.sto'...
[2023-03-30 11:38:55.243] [info] InverseKinematicsSolver found 6 model frames to track.
[2023-03-30 11:39:07.888] [info] Wrote IK with IMU tracking results to: 'ik_tiny_file.mot'.
[2023-03-30 11:40:45.102] [info] Loaded model Rajagopal_2015 from file Rajagopal_2015.osim
[2023-03-30 11:40:45.139] [info] No heading correction is applied.
[2023-03-30 11:40:45.141] [info] Processing pelvis_imu
[2023-03-30 11:40:45.141] [info] Computed offset for pelvis_imu
[2023-03-30 11:40:45.142] [info] Offset is 
[0.00564527,-0.929022,-0.369981]
[0.961433,-0.0966987,0.25748]
[-0.274981,-0.357166,0.892647]

[2023-03-30 11:40:45.144] [info] Creating offset frame for pelvis_imu
[2023-03-30 11:40:45.146] [info] Added offset frame for pelvis_imu.
[2023-03-30 11:40:45.146] [info] pelvis_imu offset computed from pelvis_imu data from file.
[2023-03-30 11:40:45.147] [info] Processing torso_imu
[2023-03-30 11:40:45.147] [info] Computed offset for torso_imu
[2023-03-30 11:40:45.148] [info] Offset is 
[0.944879,-0.309546,-0.106696]
[0.324525,0.928635,0.179777]
[0.0434322,-0.204493,0.977904]

[2023-03-30 11:40:45.149] [info] Creating offset frame for torso_imu
[2023-03-30 11:40:45.150] [info] Added offset frame for torso_imu.
[2023-03-30 11:40:45.150] [info] torso_imu offset computed from torso_imu data from file.
[2023-03-30 11:40:45.151] [info] Processing humerus_l_imu
[2023-03-30 11:40:45.151] [info] Computed offset for humerus_l_imu
[2023-03-30 11:40:45.152] [info] Offset is 
[0.999379,0.00075429,0.0352382]
[0.000853445,0.99896,-0.0455875]
[-0.0352359,0.0455892,0.998339]

[2023-03-30 11:40:45.152] [info] Creating offset frame for humerus_l_imu
[2023-03-30 11:40:45.154] [info] Added offset frame for humerus_l_imu.
[2023-03-30 11:40:45.154] [info] humerus_l_imu offset computed from humerus_l_imu data from file.
[2023-03-30 11:40:45.154] [info] Processing ulna_l_imu
[2023-03-30 11:40:45.155] [info] Computed offset for ulna_l_imu
[2023-03-30 11:40:45.155] [info] Offset is 
[0.976149,-0.203558,0.075476]
[0.189567,0.968631,0.160681]
[-0.105816,-0.14254,0.984116]

[2023-03-30 11:40:45.156] [info] Creating offset frame for ulna_l_imu
[2023-03-30 11:40:45.160] [info] Added offset frame for ulna_l_imu.
[2023-03-30 11:40:45.160] [info] ulna_l_imu offset computed from ulna_l_imu data from file.
[2023-03-30 11:40:45.160] [info] Processing humerus_r_imu
[2023-03-30 11:40:45.161] [info] Computed offset for humerus_r_imu
[2023-03-30 11:40:45.161] [info] Offset is 
[0.999282,-0.0251718,-0.0283146]
[0.0286401,0.991148,0.129636]
[0.0248008,-0.130353,0.991157]

[2023-03-30 11:40:45.162] [info] Creating offset frame for humerus_r_imu
[2023-03-30 11:40:45.164] [info] Added offset frame for humerus_r_imu.
[2023-03-30 11:40:45.164] [info] humerus_r_imu offset computed from humerus_r_imu data from file.
[2023-03-30 11:40:45.164] [info] Processing ulna_r_imu
[2023-03-30 11:40:45.165] [info] Computed offset for ulna_r_imu
[2023-03-30 11:40:45.165] [info] Offset is 
[0.987075,-0.122417,0.103427]
[0.107284,0.98418,0.140998]
[-0.119051,-0.128079,0.984593]

[2023-03-30 11:40:45.166] [info] Creating offset frame for ulna_r_imu
[2023-03-30 11:40:45.167] [info] Added offset frame for ulna_r_imu.
[2023-03-30 11:40:45.167] [info] ulna_r_imu offset computed from ulna_r_imu data from file.
[2023-03-30 11:40:45.216] [info] Loaded model Rajagopal_2015 from file internal_Rajagopal_2015.osim
[2023-03-30 11:40:45.249] [info] Loading orientations as quaternions from 'tiny_file.sto'...
[2023-03-30 11:40:45.654] [info] InverseKinematicsSolver found 6 model frames to track.
[2023-03-30 11:41:12.896] [info] Wrote IK with IMU tracking results to: 'ik_tiny_file.mot'.
[2023-03-30 13:40:12.599] [info] Loaded model Rajagopal_2015 from file Rajagopal_2015.osim
[2023-03-30 13:40:12.681] [info] No heading correction is applied.
[2023-03-30 13:40:12.684] [info] Processing pelvis_imu
[2023-03-30 13:40:12.684] [info] Computed offset for pelvis_imu
[2023-03-30 13:40:12.687] [info] Offset is 
[0.840325,-0.541706,-0.0201886]
[0.532723,0.818353,0.215649]
[-0.100297,-0.19197,0.976262]

[2023-03-30 13:40:12.688] [info] Creating offset frame for pelvis_imu
[2023-03-30 13:40:12.694] [info] Added offset frame for pelvis_imu.
[2023-03-30 13:40:12.695] [info] pelvis_imu offset computed from pelvis_imu data from file.
[2023-03-30 13:40:12.697] [info] Processing torso_imu
[2023-03-30 13:40:12.699] [info] Computed offset for torso_imu
[2023-03-30 13:40:12.700] [info] Offset is 
[0.997811,0.0289961,-0.0594294]
[-0.0199042,0.988752,0.148232]
[0.0630591,-0.146724,0.987165]

[2023-03-30 13:40:12.701] [info] Creating offset frame for torso_imu
[2023-03-30 13:40:12.706] [info] Added offset frame for torso_imu.
[2023-03-30 13:40:12.706] [info] torso_imu offset computed from torso_imu data from file.
[2023-03-30 13:40:12.710] [info] Processing humerus_l_imu
[2023-03-30 13:40:12.715] [info] Computed offset for humerus_l_imu
[2023-03-30 13:40:12.716] [info] Offset is 
[0.994191,-0.10725,-0.0089934]
[0.103131,0.973234,-0.205374]
[0.0307791,0.203254,0.978642]

[2023-03-30 13:40:12.718] [info] Creating offset frame for humerus_l_imu
[2023-03-30 13:40:12.722] [info] Added offset frame for humerus_l_imu.
[2023-03-30 13:40:12.723] [info] humerus_l_imu offset computed from humerus_l_imu data from file.
[2023-03-30 13:40:12.731] [info] Processing ulna_l_imu
[2023-03-30 13:40:12.732] [info] Computed offset for ulna_l_imu
[2023-03-30 13:40:12.733] [info] Offset is 
[0.980212,-0.119223,0.158022]
[0.162098,0.0252357,-0.986452]
[0.11362,0.992547,0.044062]

[2023-03-30 13:40:12.735] [info] Creating offset frame for ulna_l_imu
[2023-03-30 13:40:12.739] [info] Added offset frame for ulna_l_imu.
[2023-03-30 13:40:12.740] [info] ulna_l_imu offset computed from ulna_l_imu data from file.
[2023-03-30 13:40:12.741] [info] Processing humerus_r_imu
[2023-03-30 13:40:12.742] [info] Computed offset for humerus_r_imu
[2023-03-30 13:40:12.744] [info] Offset is 
[0.982267,-0.153185,-0.108103]
[0.185216,0.882327,0.432659]
[0.0291053,-0.445009,0.895053]

[2023-03-30 13:40:12.745] [info] Creating offset frame for humerus_r_imu
[2023-03-30 13:40:12.750] [info] Added offset frame for humerus_r_imu.
[2023-03-30 13:40:12.750] [info] humerus_r_imu offset computed from humerus_r_imu data from file.
[2023-03-30 13:40:12.751] [info] Processing ulna_r_imu
[2023-03-30 13:40:12.753] [info] Computed offset for ulna_r_imu
[2023-03-30 13:40:12.759] [info] Offset is 
[0.296008,-0.925872,-0.234821]
[0.932832,0.227336,0.27954]
[-0.205435,-0.301795,0.930976]

[2023-03-30 13:40:12.766] [info] Creating offset frame for ulna_r_imu
[2023-03-30 13:40:12.771] [info] Added offset frame for ulna_r_imu.
[2023-03-30 13:40:12.771] [info] ulna_r_imu offset computed from ulna_r_imu data from file.
[2023-03-30 13:40:12.960] [info] Loaded model Rajagopal_2015 from file internal_Rajagopal_2015.osim
[2023-03-30 13:40:13.003] [info] Loading orientations as quaternions from 'tiny_file.sto'...
[2023-03-30 13:40:14.085] [info] InverseKinematicsSolver found 6 model frames to track.
[2023-03-30 13:40:18.326] [info] Wrote IK with IMU tracking results to: 'ik_tiny_file.mot'.
[2023-03-30 13:41:20.833] [info] Loaded model Rajagopal_2015 from file Rajagopal_2015.osim
[2023-03-30 13:41:20.949] [info] No heading correction is applied.
[2023-03-30 13:41:20.952] [info] Processing pelvis_imu
[2023-03-30 13:41:20.953] [info] Computed offset for pelvis_imu
[2023-03-30 13:41:20.954] [info] Offset is 
[0.348562,-0.908523,-0.230413]
[0.927963,0.29992,0.221206]
[-0.131866,-0.290919,0.947617]

[2023-03-30 13:41:20.955] [info] Creating offset frame for pelvis_imu
[2023-03-30 13:41:20.959] [info] Added offset frame for pelvis_imu.
[2023-03-30 13:41:20.959] [info] pelvis_imu offset computed from pelvis_imu data from file.
[2023-03-30 13:41:20.960] [info] Processing torso_imu
[2023-03-30 13:41:20.961] [info] Computed offset for torso_imu
[2023-03-30 13:41:20.965] [info] Offset is 
[0.966929,-0.252116,-0.0385435]
[0.254673,0.946253,0.199368]
[-0.0137919,-0.20259,0.979166]

[2023-03-30 13:41:20.969] [info] Creating offset frame for torso_imu
[2023-03-30 13:41:20.973] [info] Added offset frame for torso_imu.
[2023-03-30 13:41:20.974] [info] torso_imu offset computed from torso_imu data from file.
[2023-03-30 13:41:20.974] [info] Processing humerus_l_imu
[2023-03-30 13:41:20.975] [info] Computed offset for humerus_l_imu
[2023-03-30 13:41:20.976] [info] Offset is 
[0.959345,-0.0726707,-0.27272]
[0.0572611,0.996302,-0.0640541]
[0.276366,0.0458337,0.959959]

[2023-03-30 13:41:20.977] [info] Creating offset frame for humerus_l_imu
[2023-03-30 13:41:20.982] [info] Added offset frame for humerus_l_imu.
[2023-03-30 13:41:20.983] [info] humerus_l_imu offset computed from humerus_l_imu data from file.
